>> x=2;
>> y=3+(1-x)^2*exp(-x^2)

y =

    3.0183

>> x=[0:0.1:0.5]

x =

         0    0.1000    0.2000    0.3000    0.4000    0.5000

>> y=3*(1-x).^2.*exp(-x.^2)

y =

    3.0000    2.4058    1.8447    1.3435    0.9203    0.5841
