>> t = [0:1:10]

t =

     0     1     2     3     4     5     6     7     8     9    10

>> t = [0:0.1:0.5]

t =

         0    0.1000    0.2000    0.3000    0.4000    0.5000
>> t= linspace(0,1,11)

t =

         0    0.1000    0.2000    0.3000    0.4000    0.5000    0.6000    0.7000    0.8000    0.9000    1.0000
