>> A = [5 -3 -3;3 2 -2;2 -1 2]

A =

     5    -3    -3
     3     2    -2
     2    -1     2

>> B = [-1;-10;8]

B =

    -1
   -10
     8

>> X = A\B

X =

    0.0656
   -2.3279
    2.7705

>> A*X

ans =

    -1
   -10
     8
