>> A = [1 2;3 4]

A =

     1     2
     3     4
>> A'

ans =

     1     3
     2     4

>> A(1,2)

ans =

     2
>> t = [0:0.1:0.9]

t =

         0    0.1000    0.2000    0.3000    0.4000    0.5000    0.6000    0.7000    0.8000    0.9000
